%YAML:1.0
---
model_type: PINHOLE
camera_name: camera
image_width: 640
image_height: 480
distortion_parameters:
   k1: 0.089506
   k2: -0.153472
   p1: 0.000571
   p2: -0.001615
   k3: 0.087510
projection_parameters:
   fx: 413.080811
   fy: 387.115204
   cx: 316.177551
   cy: 240.596008
